0x3c111001: 0011 1100 0001 0001 0001 0000 0000 0001
0x3410000a: 0011 0100 0001 0000 0000 0000 0000 1010
0x2a01000a: 0010 1010 0000 0001 0000 0000 0000 1010
0x14200006: 0001 0100 0010 0000 0000 0000 0000 0110
0x8e280000: 1000 1110 0010 1000 0000 0000 0000 0000
0x01094820: 0000 0001 0000 1001 0100 1000 0010 0000
0x22100001: 0010 0010 0001 0000 0000 0000 0000 0001
0x22310004: 0010 0010 0011 0001 0000 0000 0000 0100
0x0401fffa: 0000 0100 0000 0001 1111 1111 1111 1010



0x3c111001; 001111 00000 10001 0001 0000 0000 0001; lui $17, 0x1001
0x3410000a; 001101 00000 10000 0000 0000 0000 1010; ori $16, $0, 10
0x2a01000a; 001010 10000 00001 0000 0000 0000 1010; slti, $1, $16, 10
0x14200006; 000101 00001 00000 0000 0000 0000 0110; bne $1, $0, 0x0040004c
0x8e280000; 100011 10001 01000 0000 0000 0000 0000; lw $8, 0($17)
0x01094820; 000000 01000 01001 01001 000 0010 0000; add $9, $8, $9
0x22100001; 001000 10000 10000 0000 0000 0000 0001; addi $16, $16, 1
0x22310004; 001000 10001 10001 0000 0000 0000 0100; addi $17, $17, 4
0x0401fffa; 000001 00000 00001 1111 1111 1111 1010; bgez $0, 0x00400030